,rec,idx,x,y,w,h,t0,f0,t1,f1,mux,muy,Sxx,Syy,Sxy,x_max,y_max,Cov,dur,bw,tod,site
16705,sabana_seca1-2013-07-20_02-00.flac,84,9022,168,13,15,48.1258723366,7003.89105058,48.1898836941,8311.28404669,0.0279458943917,7489.13219554,0.000111822816665,85291.7313633,0.540110231452,0.0266713989894,7657.58754864,0.89880952381,0.0640113575747,1307.39299611,2,1
25265,sabana_seca1-2013-06-06_03-10.flac,110,9761,166,14,15,52.0679051072,7190.6614786,52.1372507446,8498.05447471,0.0281140352796,7764.13691605,0.000117316587822,54530.8466767,0.314230566094,0.0213371191916,7750.97276265,0.873626373626,0.0693456373726,1307.39299611,3,1
22258,sabana_seca1-2009-09-25_06-20.flac,224,8537,171,12,14,45.5387466346,6817.12062257,45.5974237124,8031.12840467,0.025611116941,7399.75647608,0.000121726286948,89135.1510454,0.835475902459,0.0213371191916,7377.43190661,0.902097902098,0.0586770777768,1214.0077821,6,1
11842,sabana_seca1-2013-06-30_05-20.flac,353,9870,168,17,16,52.6493416052,6910.50583658,52.7346900819,8311.28404669,0.0427842632447,7521.39673645,0.000280469380175,75291.8043381,-0.293321927013,0.048008518181,7284.04669261,0.795833333333,0.0853484767662,1400.77821012,5,1
4930,sabana_seca1-2008-09-26_12-47.flac,190,10430,172,10,9,55.636538292,7190.6614786,55.6845468102,7937.74319066,0.0186578975449,7489.57631256,7.80502731407e-05,22602.5463428,-0.0339017342732,0.0160028393937,7470.81712062,1.0,0.048008518181,747.081712062,12,1
11838,sabana_seca1-2013-06-30_05-20.flac,349,8640,172,11,12,46.0881774538,6910.50583658,46.1415202517,7937.74319066,0.0245399998635,7403.8066913,5.41691678981e-05,50813.5437116,0.248776912342,0.0213371191916,7284.04669261,0.963636363636,0.0533427979789,1027.23735409,5,1
9767,sabana_seca1-2010-07-25_14-50.flac,94,10076,172,11,10,53.7482032435,7097.27626459,53.8015460415,7937.74319066,0.0225868921035,7467.86529002,0.000104365772442,45193.1767141,0.220022534065,0.0213371191916,7377.43190661,0.955555555556,0.0533427979789,840.46692607,14,1
17939,sabana_seca1-2010-07-28_14-20.flac,378,2668,163,11,17,14.2318585008,7284.04669261,14.2852012987,8778.21011673,0.0222971567878,7886.00407178,5.87335294527e-05,184447.710289,0.0575227585147,0.0213371191916,7377.43190661,0.9875,0.0533427979789,1494.16342412,14,1
25250,sabana_seca1-2013-06-06_03-10.flac,95,4539,172,12,11,24.2122960026,7003.89105058,24.2709730804,7937.74319066,0.0243944204904,7358.09627999,0.000130437861328,50369.3384202,0.562179311181,0.0160028393937,7284.04669261,0.963636363636,0.0586770777768,933.852140078,3,1
1597,sabana_seca1-2013-04-20_15-50.flac,84,10641,160,14,17,56.7620713293,7564.20233463,56.8314169667,9058.36575875,0.0279595435698,8151.00054007,0.000178490704446,143383.990837,-0.596761745191,0.0373399585852,8031.12840467,0.846153846154,0.0693456373726,1494.16342412,15,1
17955,sabana_seca1-2010-07-28_14-20.flac,394,1494,161,14,17,7.96941401805,7470.81712062,8.03875965542,8964.98054475,0.0287037201889,8142.98477951,8.85939969337e-05,86035.0459379,1.1226215837,0.0213371191916,8124.51361868,0.865384615385,0.0693456373726,1494.16342412,14,1
14631,sabana_seca1-2009-04-21_09-20.flac,100,1173,169,13,12,6.25711020292,7190.6614786,6.3211215605,8217.89883268,0.0248785606434,7647.08029036,0.000217220717844,71528.5175239,-0.632372319032,0.0320056787873,7564.20233463,0.666666666667,0.0640113575747,1027.23735409,9,1
18357,sabana_seca1-2013-07-26_12-40.flac,29,3325,160,35,15,17.736480328,7750.97276265,17.9178458411,9058.36575875,0.0870000064641,8303.9547415,0.00274969954335,153926.339447,2.58579478128,0.048008518181,8124.51361868,0.556722689076,0.181365513128,1307.39299611,12,1
9179,sabana_seca1-2009-10-25_06-00.flac,363,3505,171,9,10,18.6966506916,7190.6614786,18.73932493,8031.12840467,0.0174127713919,7536.16790444,6.76924122682e-05,24661.7982606,0.0300069186097,0.0160028393937,7564.20233463,1.0,0.0426742383831,840.46692607,6,1
11903,sabana_seca1-2013-06-30_05-20.flac,414,8325,167,19,12,44.4078793174,7377.43190661,44.5038963538,8404.6692607,0.0464598728934,7810.43394169,0.000663525896018,50277.3815572,2.13358046841,0.0586770777768,7750.97276265,0.757575757576,0.096017036362,1027.23735409,5,1
7819,sabana_seca1-2008-03-29_13-08.flac,184,55,170,19,15,0.293385388884,6817.12062257,0.389402425246,8124.51361868,0.042110600291,7368.42261151,0.000738853929518,133999.634711,-0.122603342918,0.0266713989894,7564.20233463,0.559523809524,0.096017036362,1307.39299611,13,1
16077,sabana_seca1-2010-11-01_08-30.flac,268,816,169,13,13,4.35277231508,7097.27626459,4.41678367265,8217.89883268,0.0298912793172,7634.8384357,0.000304046168653,74623.973523,0.466324460355,0.0320056787873,7564.20233463,0.826388888889,0.0640113575747,1120.62256809,8,1
21730,sabana_seca1-2010-07-19_00-00.flac,105,3466,172,10,11,18.4886137795,7003.89105058,18.5366222977,7937.74319066,0.0200910648021,7382.12214502,9.84453113438e-05,44682.8862354,0.171255288581,0.0213371191916,7470.81712062,0.955555555556,0.048008518181,933.852140078,0,1
11877,sabana_seca1-2013-06-30_05-20.flac,388,6489,164,13,16,34.6141416085,7284.04669261,34.6781529661,8684.82490272,0.0266336902427,7913.56272636,5.67170962798e-05,52969.1400641,0.561155970533,0.0266713989894,8031.12840467,0.911111111111,0.0640113575747,1400.77821012,5,1
22324,sabana_seca1-2009-09-25_06-20.flac,290,6778,166,12,13,36.1557484701,7377.43190661,36.2144255479,8498.05447471,0.0269392852763,7802.83153471,8.66899368878e-05,47163.9639338,0.288169180703,0.0266713989894,7844.35797665,0.909090909091,0.0586770777768,1120.62256809,6,1
18255,sabana_seca1-2012-11-06_03-20.flac,219,9374,169,14,16,50.0035388254,6817.12062257,50.0728844628,8217.89883268,0.0296477797532,7454.95645878,0.000107055704198,81334.5732948,0.557394644765,0.0266713989894,7377.43190661,0.861538461538,0.0693456373726,1400.77821012,3,1
8612,sabana_seca1-2013-06-26_04-30.flac,245,5336,166,13,15,28.4637170015,7190.6614786,28.5277283591,8498.05447471,0.0256934676955,7764.32545183,9.47392381072e-05,51222.6481275,0.195965450513,0.0213371191916,7657.58754864,0.916666666667,0.0640113575747,1307.39299611,4,1
14150,sabana_seca1-2013-05-05_16-00.flac,113,2496,167,12,11,13.3143623755,7470.81712062,13.3730394533,8404.6692607,0.0270076884968,7830.91511063,0.000197692070799,86281.6615081,0.219718248883,0.0266713989894,7470.81712062,0.381818181818,0.0586770777768,933.852140078,16,1
25275,sabana_seca1-2013-06-06_03-10.flac,120,11069,165,14,15,59.0451430828,7284.04669261,59.1144887202,8591.43968872,0.0277075495349,7811.21355658,0.00010912815566,52992.2173696,0.613918313218,0.0213371191916,7750.97276265,0.884615384615,0.0693456373726,1307.39299611,3,1
18268,sabana_seca1-2012-11-06_03-20.flac,232,7385,173,11,11,39.3936563074,6910.50583658,39.4469991054,7844.35797665,0.0239797637961,7340.61849652,9.91657977063e-05,53037.7211313,0.808781100155,0.0213371191916,7377.43190661,0.94,0.0533427979789,933.852140078,3,1
1592,sabana_seca1-2013-04-20_15-50.flac,79,2434,171,11,10,12.9836370281,7190.6614786,13.036979826,8031.12840467,0.0247056707255,7505.96565944,0.000219916617433,42414.8062551,0.393943069438,0.0266713989894,7564.20233463,0.7,0.0533427979789,840.46692607,15,1
15674,sabana_seca1-2014-02-05_03-50.flac,146,7676,172,10,8,40.9459317286,7284.04669261,40.9939402468,7937.74319066,0.0207451929904,7537.35083568,8.95073722622e-05,31600.8776336,0.352798350647,0.0160028393937,7284.04669261,0.968253968254,0.048008518181,653.696498054,3,1
4626,sabana_seca1-2011-04-23_19-40.flac,406,1675,169,11,11,8.93491866147,7284.04669261,8.98826145944,8217.89883268,0.0191279188485,7669.45713627,0.000142234274948,35530.2749812,-0.11443948431,0.0213371191916,7657.58754864,0.92,0.0533427979789,933.852140078,19,1
24553,sabana_seca1-2012-09-05_22-30.flac,404,6690,168,7,7,35.6863318479,7750.97276265,35.7183375267,8311.28404669,0.0125790541342,7913.8484387,9.72621521764e-05,19980.8819096,0.189634217948,0.0,7750.97276265,1.0,0.0320056787873,560.311284047,22,1
28436,sabana_seca1-2011-09-28_06-40.flac,59,7812,167,10,9,41.6713937811,7657.58754864,41.7194022993,8404.6692607,0.0229023101291,7923.57469526,0.000117795415842,27057.7324875,0.151557694369,0.0160028393937,7844.35797665,1.0,0.048008518181,747.081712062,6,1
12568,sabana_seca1-2009-08-04_23-00.flac,324,1702,165,13,14,9.07894421601,7377.43190661,9.14295557358,8591.43968872,0.0262238873155,7812.14009608,0.00010257152115,52424.4136387,0.538452267009,0.0213371191916,7750.97276265,0.833333333333,0.0640113575747,1214.0077821,23,1
4927,sabana_seca1-2008-09-26_12-47.flac,187,8052,169,11,12,42.9516209326,7190.6614786,43.0049637306,8217.89883268,0.0236691375743,7611.05260636,0.000155549732419,45055.7936076,-1.3594572051,0.0160028393937,7750.97276265,0.909090909091,0.0533427979789,1027.23735409,12,1
7470,sabana_seca1-2012-04-24_01-00.flac,107,2529,166,14,18,13.4903936089,6910.50583658,13.5597392462,8498.05447471,0.0293273379176,7673.53441076,7.72513338661e-05,56944.7598561,0.424754424227,0.0266713989894,7657.58754864,0.873303167421,0.0693456373726,1587.54863813,1,1
6064,sabana_seca1-2008-07-20_20-22.flac,441,4761,166,11,14,25.3965061178,7284.04669261,25.4498489157,8498.05447471,0.021546808489,7797.8150317,6.119323617e-05,57911.7985533,0.241929707318,0.0213371191916,7844.35797665,0.961538461538,0.0533427979789,1214.0077821,20,1
15326,sabana_seca1-2012-03-21_18-50.flac,279,5169,163,11,10,27.5728922753,7937.74319066,27.6262350733,8778.21011673,0.0254074160098,8301.39573184,0.000155270360995,54479.9518534,0.141559852759,0.0213371191916,8031.12840467,0.688888888889,0.0533427979789,840.46692607,18,1
24935,sabana_seca1-2013-03-28_02-50.flac,148,4332,167,11,9,23.1081000845,7657.58754864,23.1614428824,8404.6692607,0.026034814194,7904.57547792,0.000141362991986,27002.026004,-0.194732993816,0.0266713989894,7937.74319066,0.925,0.0533427979789,747.081712062,2,1
1596,sabana_seca1-2013-04-20_15-50.flac,83,789,172,8,6,4.20874676054,7470.81712062,4.24608671912,7937.74319066,0.0169410805387,7671.59302216,7.76576372141e-05,15830.18802,-0.350213844269,0.0213371191916,7564.20233463,0.542857142857,0.0373399585852,466.926070039,15,1
8585,sabana_seca1-2013-06-26_04-30.flac,218,2353,165,14,17,12.5515603644,7097.27626459,12.6209060018,8591.43968872,0.0303248095053,7793.88021829,0.000109900471659,76038.387762,0.714803459598,0.0266713989894,8031.12840467,0.899038461538,0.0693456373726,1494.16342412,4,1
11105,sabana_seca1-2008-09-28_18-27.flac,640,2633,172,12,13,14.0451587078,6817.12062257,14.1038357856,7937.74319066,0.030628868978,7540.9253177,7.12425003358e-05,50560.7248426,0.838515080463,0.0320056787873,7750.97276265,0.916666666667,0.0586770777768,1120.62256809,18,1
22314,sabana_seca1-2009-09-25_06-20.flac,280,5756,168,12,12,30.7041145167,7284.04669261,30.7627915944,8311.28404669,0.0236409900538,7659.32134336,0.000196047896744,55669.9483051,0.209026760517,0.0160028393937,7377.43190661,0.677685950413,0.0586770777768,1027.23735409,6,1
23370,sabana_seca1-2009-03-06_08-50.flac,57,5267,172,16,12,28.0956516955,6910.50583658,28.1756658925,7937.74319066,0.0387218561464,7401.246987,0.000404999017214,61461.6123554,0.791539232475,0.048008518181,7377.43190661,0.745454545455,0.0800141969683,1027.23735409,8,1
13213,sabana_seca1-2013-03-30_21-30.flac,527,11089,173,11,11,59.1518286788,6910.50583658,59.2051714768,7844.35797665,0.0242870231275,7281.53145046,7.74949789778e-05,47148.3233047,0.690650781047,0.0213371191916,7284.04669261,0.93,0.0533427979789,933.852140078,21,1
27076,sabana_seca1-2012-04-24_18-50.flac,545,4953,171,11,8,26.4206878389,7377.43190661,26.4740306369,8031.12840467,0.0221296599178,7668.04305541,8.44378373193e-05,31002.4485676,0.188549801937,0.0213371191916,7750.97276265,0.942857142857,0.0533427979789,653.696498054,18,1
17893,sabana_seca1-2010-07-28_14-20.flac,332,7498,168,14,18,39.9964299246,6723.73540856,40.065775562,8311.28404669,0.0265957221314,7420.24325413,4.17408035875e-05,60659.5811095,0.789617573808,0.0266713989894,7564.20233463,0.873303167421,0.0693456373726,1587.54863813,14,1
22299,sabana_seca1-2009-09-25_06-20.flac,265,4642,170,11,11,24.7617268218,7190.6614786,24.8150696198,8124.51361868,0.0256056495184,7589.56115202,0.000190358757927,66091.0834417,0.549756480759,0.0266713989894,7657.58754864,0.64,0.0533427979789,933.852140078,6,1
24932,sabana_seca1-2013-03-28_02-50.flac,145,242,170,10,6,1.29089571109,7657.58754864,1.33890422927,8124.51361868,0.0194992579739,7795.49183975,8.31436919195e-05,18247.4921693,0.317892509529,0.0160028393937,7657.58754864,1.0,0.048008518181,466.926070039,2,1
25540,sabana_seca1-2008-04-01_15-18.flac,163,8207,166,13,16,43.7784343013,7097.27626459,43.8424456589,8498.05447471,0.028318742725,7666.72346398,0.000329808963925,116414.985208,0.370299336582,0.00533427979789,7284.04669261,0.772222222222,0.0640113575747,1400.77821012,15,1
27056,sabana_seca1-2012-04-24_18-50.flac,525,9842,170,11,11,52.4999817708,7190.6614786,52.5533245688,8124.51361868,0.0246218585016,7618.71000222,0.00010462010579,41456.1135766,0.480160086294,0.0266713989894,7657.58754864,0.95,0.0533427979789,933.852140078,18,1
18301,sabana_seca1-2012-11-06_03-20.flac,265,6445,174,10,7,34.3794332974,7190.6614786,34.4274418156,7750.97276265,0.0188099966924,7431.70180078,5.68527966855e-05,17994.8694549,-0.0460082792635,0.0160028393937,7470.81712062,1.0,0.048008518181,560.311284047,3,1
18319,sabana_seca1-2012-11-06_03-20.flac,283,1933,171,10,7,10.3111628493,7470.81712062,10.3591713675,8031.12840467,0.0193931446011,7676.27179365,6.22313499542e-05,23211.1918282,0.166664647104,0.0160028393937,7470.81712062,1.0,0.048008518181,560.311284047,3,1
